6.743132085476717386e-01 -7.384454595825910017e-01
4.630850666035320473e-01 -8.863138389356234326e-01
-4.419459750576601453e-02 9.990229414539504305e-01
9.492818579061869100e-01 3.144263892394816851e-01
9.944601843236650085e-01 -1.051139467194631555e-01
6.522449178931980507e-01 7.580082895869248993e-01
-1.585588606526232847e-01 -9.873495266158495154e-01
-8.099565635934791175e-01 -5.864898678509651297e-01
-3.914727094514680039e-01 -9.201897183487364185e-01
4.611672710652495177e-02 9.989360577539396768e-01
-3.699010547092464463e-01 9.290711542852824190e-01
4.168667069711132211e-01 -9.089676279269026660e-01
-9.869763231360435540e-01 1.608655885167990240e-01
-7.079959382489248165e-01 7.062165046379365041e-01
6.021680054637299495e-01 -7.983693964549450905e-01
-4.931999788541243102e-01 8.699159619516654285e-01
9.591707440569967602e-01 -2.828276573200493305e-01
7.993135976556889899e-01 6.009141141650105045e-01
-5.842490242761747554e-01 -8.115744436786669347e-01
-6.099718585737411436e-01 -7.924230762339622425e-01
-3.313863070533361044e-01 -9.434951592337673665e-01
-5.778907530325877451e-01 -8.161141326796322870e-01
4.759589519770194288e-01 8.794674957228022505e-01
8.718225787239153313e-01 4.898217953778519762e-01
-4.552646639779631133e-01 -8.903561566772211222e-01
-1.629335052624423519e-01 9.866370522450966796e-01
7.358358286371375900e-01 -6.771599761458861888e-01
-2.035746691992665891e-01 9.790594231508163992e-01
5.721285941324047997e-01 -8.201639298189589145e-01
-1.772044963035938336e-01 9.841740529447978725e-01
